e_No|from_vertex|to_vertex|twin_ptr|prev_ptr|next_ptr
e1:   	 (7,1)    (2,1)	  5 			 4			  2
e2:   	 (2,1)    (3,2)	  8 			 1 			  3
e3:		   (3,2)    (7,3)	  7 			 2 			  4
e4:      (7,3)    (7,1)   6        3        1
e5:   	 (2,1)    (7,1)	  1 			 8			  6
e6:   	 (7,1)    (7,3)	  4 			 5 			  7
e7:		   (7,3)    (3,2)	  3 			 6 			  8
e8:      (3,2)    (2,1)   2        7        5
e9:   	 (10,0)   (0,0)	  13 			 12			  10
e10:   	 (0,0)    (0,10)	16 			 9 			  11
e11:		 (0,10)   (10,10)	15 			 10 			12
e12:     (10,10)  (10,0)  14       11       9
e13:   	 (0,0)    (10,0)	9 			 16			  14
e14:   	 (10,0)   (10,10)	12 			 13 			15
e15:		 (10,10)  (0,10)	11 			 14 			16
e16:     (0,10)   (0,0)   10       15       13
e17:   	 (6,6)    (1,6)	  21 			 20			  18
e18:   	 (1,6)    (2,9)	  24 			 17 			19
e19:		 (2,9)    (5,8)	  23 			 18 			20
e20:     (5,8)    (6,6)   22       19       17
e21:   	 (1,6)    (6,6)	  17 			 33			  22
e22:   	 (6,6)    (5,8)	  20 			 21 			33
e23:		 (5,8)    (2,9)	  19 			 34 			24
e24:     (2,9)    (1,6)   18       23       34
e25:   	 (8,5)    (6.5,6)	29 			 28			  26
e26:   	 (6.5,6)  (6,7)	  32 			 25 			27
e27:		 (6,7)    (8,7)	  31 			 26 			28
e28:     (8,7)    (8,5)   30       27       25
e29:   	 (6.5,6)  (8,5)	  25 			 32			  30
e30:   	 (8,5)    (8,7)	  28 			 29 			31
e31:		 (8,7)    (6,7)	  27 			 30 			32
e32:     (6,7)    (6.5,6) 26       31       29
e33:		 (5,8)    (1,6)	  34 			 22 			21
e34:     (1,6)    (5,8)   33       24       23
